-2.233725630322394 -22.108043290999312
1.039622699918664 -3.714600524241485
-0.3489711618537741 8.283154451356321
-3.3781436780834992 -40.57992194264892
-2.4821391763599223 -17.689233436444493
4.345466911703387 -7.945397358522005
-0.2802122020614144 -1.6671860518997292
2.363257299914475 -9.849612651039688
2.247725244304539 -0.6594348800389258
1.0145635953479064 -2.405303404506234
1.6542954292138927 5.6361685320028885
-1.4902564167111398 -5.731849408156105
0.17350945964721554 6.192861850799651
1.707979960417212 -6.832927234681144
0.9347282414109783 -9.904377908596107
1.1991816143017595 -5.505105220502911
-1.585789775578255 -9.762347861617558
2.492379833037922 0.22210945329797882
1.2486375160378367 18.43759943697005
4.04982977432414 3.0781474934327644
8.127175558001788 134.82567093594844
0.43131537094313455 -4.014467073526502
-0.07464687726281394 -5.258362933680992
3.7811960489754606 5.550360742611269
-3.4474110975702583 -62.56949633844379
5.490477619037035 27.525316203476272
1.8901795584765295 -1.4702224337423007
2.4492412400620007 -1.112461807427922
-1.6786701144602985 -16.055571693776756
-1.5264610477606837 -11.106313996939145
1.6281261783274008 -15.33209746121521
1.0924099529547835 -6.082369107404835
4.130685794312271 -0.6401500512416183
6.753911523737425 72.30864084217846
2.834989158382766 -13.252344051085865
1.6247624741504478 4.520406319694173
-0.95269763374653 9.250047902433643
-0.8857116370825873 -22.431960863224916
2.9295843617790855 1.1725108135996551
2.7255266013808055 3.0839891196253344
4.516527116161022 3.047916647288732
5.408043049229541 21.423064703276935
6.095048457500031 42.81424579295838
-2.681860948556295 -30.391214198323556
3.223165236203968 -4.5931397061073564
3.0513783238668473 -17.448921304387248
5.0067088641198225 26.995345768961734
0.13402314600341558 8.815869742527646
5.873354834139084 29.8649788809421
2.510576672513525 -16.38115634094247
4.149119746864821 9.12226637093424
1.071434005137771 -6.791611887238151
3.2259323301652953 -0.5242107550694661
4.833517241893789 10.696246858425216
2.067637348012772 3.160940936501757
0.9720035107269975 4.794334153235848
1.840358666280397 -9.347283975086604
1.2740674454245247 -14.388640239844264
3.522373024834313 -14.687058173316686
2.8705787983691318 2.7106521337757554
3.6139050746622825 -10.60708793107069
2.8629275876972993 -7.358343820146237
3.9515510769066897 -2.793534323332505
6.1430782455960244 45.10708414247048
1.5741772585909932 -19.85797665991337
2.9642742468998287 -0.8871389869346609
5.912476032718507 43.05506410646025
0.889322586738142 -0.5449877125311998
4.177516074519781 1.9285138916714892
1.8753310500892666 -1.984156030642668
0.25018265077391133 2.7242466800621514
1.6904410141822144 -27.56278107452376
-0.7345616429039219 14.591309834783337
4.963581968848766 19.344376679229047
1.0343800611738823 -7.423818009126867
3.6435442182567517 -3.2410852799363017
4.0899131580365164 8.285595368311663
3.3892391954345973 -2.163583323736357
2.7477260771056944 -21.255767312010263
1.865203178648611 15.732178115172685
4.796359617880055 11.961646321689878
-0.16198356869004904 7.964968366470363
0.8824101446468964 -7.559790513529952
5.686984847065338 45.79443877362002
-1.5718052651094396 -6.877484522727366
-2.5501340224734 -19.36890136775294
-0.829070970783162 -12.896003177107916
2.4318196059496424 7.6952164795725775
4.569806291625302 15.727839073645999
-0.5306841446347281 9.547953462112083
2.9676246727356315 -8.231122917687347
-0.9338681689178259 -8.414549519794942
1.5001400526155353 18.42252269856029
-0.3439336875609107 -11.140998878479023
1.1447206467814355 -2.9495847897191765
0.3042243963393243 9.365220054792616
1.9747999502700309 -2.094648199881309
-2.2860891853740046 -14.465697546693146
1.6954109775113122 -6.211806811220283
1.035225527732716 1.77706613470981
-2.5195616729350103 -35.97201478392035
5.234621746741872 36.072896587884244
5.049163996365761 16.359410985683922
-0.32655209957922704 -7.678839632570569
4.815496172273984 19.26821566029478
-2.6646908455583027 -31.472745204804863
2.9926855538233936 -14.52647880092466
3.793891547457819 -10.809888663293501
-2.615060863552923 -19.989792629548344
-1.5532354994426187 -10.688099263429919
-2.482141505023768 -24.65377817770364
-0.17450717986092457 8.46162445001058
4.066941644131286 -6.520882757850222
-2.5841558874376815 -32.14429671429757
2.643208090283313 -6.560356778160703
0.07410465008865152 -0.08751057157517202
-0.27340472265699534 -1.8126665899862802
2.372024223418002 -5.789862479589761
0.5262095111694072 -1.5093682342755539
-0.2132960117596645 -2.274885846790186
1.0965787252264894 -8.125520893265715
4.638561897402067 3.191355780577055
1.2842283819054656 0.515392564898798
-1.1833261520488731 -13.830566064841365
3.6669628633552773 -9.988345821239122
2.3591228967864097 -6.017625995696065
3.04436852413193 -3.8031167491278373
-2.4382329483504206 -2.265304240945323
0.3864925831701549 -7.225696475296731
1.0220915930213348 6.955970506726105
3.8477985786687596 8.445780412769693
0.7058019408996385 -11.815215545630062
3.6183983855777027 7.079557061457267
1.9236066601415571 -13.572919393071302
3.526030588109314 -24.352924739398976
0.37656009212840047 4.576538445788898
0.6161820401241416 -16.829217731009322
2.4999170133871877 0.8708790483250057
1.0495838896120513 -7.731642242571446
4.623347620953214 25.221439459585618
5.5790182224934535 38.76942470403889
0.9454599169651114 -5.50023053846771
1.5999836111059302 -8.662512932475956
0.4759245514589445 -11.849880983929676
-3.7195474596734615 -62.087949251448414
-0.2667507687769932 -3.941752625926622
4.190773341065981 1.583767587810616
-0.6808390914300473 -1.3553868430845448
5.158177785227651 24.772572491678286
3.107803051555302 0.9460779031083675
2.1637798527791148 -10.012054725463226
-2.1120225319584804 -29.683909369969985
3.787411572916256 13.543462302879794
3.983452492781635 -3.3528772114533334
2.2362860586210376 -9.04450130107675
3.5923478872690575 -4.72872370921953
-0.7039262130556168 -19.45697837408296
4.591835620072216 5.5294831031523275
4.753924765786646 7.956297156494478
3.0507681073866415 3.2166538802557287
3.1952778816615317 4.373365983557719
-2.630876929160766 -26.544790741194188
-0.2786099366218262 6.9419650980783345
1.7898770206755419 0.3093208601287265
4.941045245192403 15.287211725332451
-0.026471143363713256 0.4204716540096004
4.400516833734955 5.56254919823798
5.707450632266268 28.96390096367398
-0.8512715016455243 -6.018642224968493
1.2393377313803609 -12.032894917389822
-0.21006117707396577 1.2210282265028107
1.235053632936749 -10.811824671617295
-0.05639346856645888 6.511837789591091
3.5624614239203525 -2.4590955776523646
4.482182820282715 8.77115512457554
0.36417315612409507 3.5676086694839975
3.928183194017219 8.163924343102863
3.6549194666004814 -13.785559374259943
3.0932780084416236 -4.106780301189566
1.958050018339864 4.965283079539437
2.8495853870083616 -18.104129049768318
5.2998831042032455 26.04146025055749
3.544684166798937 -20.61586686522318
7.3361675653386245 86.9087984857425
0.49944451753474994 -0.5894782426841874
5.844938373456195 21.44909825317965
4.650520014628281 1.8154309732209075
1.8748038097736615 -16.106625958827948
3.7749511913391522 16.004663957327313
-1.7032350289761662 -9.497754911794496
5.102856583336276 23.567190498856267
1.3590779135619608 -4.084012043847455
2.0942787637459896 -6.265857019564787
4.803424394578874 -1.47618360478406
0.744136014723791 -3.7838487206085003
2.4117111949333956 -10.060741212061032
0.1477026770871981 6.826996980851013
0.023590030487044444 9.292400415131034
-3.191766278273656 -27.625156955572603
-1.207667078647341 1.667713904206174
